部署	非常に困難	困難	普通	容易	非常に容易
外来	20	0	47	33	0
救急	0	7	13	73	7
ＩＣＵ	16	4	33	45	2
手術室	22	9	26	35	9
7E	8	21	38	33	0
7W	21	7	48	21	3
8E	19	29	48	5	0
8W	14	5	45	36	0
9E	21	14	21	45	0
9W	15	20	40	25	0
10E	48	4	41	7	0
10W	24	24	29	19	5
